P2
24 7
255
   0   0   0   0   0   0   0   0   0   0   0   0   0   0   0   0   0   0   0   0   0   0   0   0
   0   0   0   0   0   3   7   0   0   0   0   7  11   0   0   0   0  11  15   0   0   0   0   0
   0   0   9   6   3   0   7   0  21  14   7   0  11   0  33  22  11   0  15   0  45  45   0   0
   0   0   0   0   3   0   7   0   0   0   7   0  11   0   0   0  11   0  15   0   0   0   0   0
   0   0   6   3   0   0   7   0  21  14   7   0  11   0  33  22  11   0  15   0  30  15  15   0
   0   0   3   0   0   0   7   0   0   0   0   7  11   0   0   0   0  11  15   0  15   0   0   0
   0   0   0   0   0   0   0   0   0   0   0   0   0   0   0   0   0   0   0   0   0   0   0   0
