P2
116 119
255
   0   0   0   0   0   0   0   0   0   0   0   0   0   0   0   0   0   0   0   0   0   0   0   0   0   0   0   0   0   0   0   0   0   0   0   0   0   0   0   0   0   0   0   0   0   0   0   0   0   0   0   0   0   0   0   0   0   0   0   0   0   0   0   0   0   0   0   0   0   0   0   0   0   0   0   0   0   0   0   0   0   0   0   0   0   0   0   0   0   0   0   0   0   0   0   0   0   0   0   0   0   0   0   0   0   0   0   0   0   0   0   0   0   0   0   0
  33  65  49  51  56  36  36  59  65  59  62  58  18  28  32  40  42  17  31  40  25  74  39 141 108  40  26  35  33  41  41  51  83  45  55  43  48  41  48  47  39  61  53  74  34  41  73 138 117 136  69  36  52  39  46  29  40  30  25  19  19  18  25  36  11  42  28  64  42  11  60  93  86  93  68  68  33  58  44  47 114 191 218 169  79  45  58  49  69 110  79  65  59  87 113  87  98  66  78  48  66  91 129 127 126 121 114 108 115 143 137 132 147 149 136  62
  28  21  21  30  33  18  24  12  14  42  40  26  18  30   4  16  11  29  17  11  14  25   0  44 101  46  19  19  18  32  36  28  39  44  51  23  31  28  42  40  29  42  37  37  53  24  12  66  37  91  53  19  22  25  30  18  21  21  23  49  41  53  23  15  31  30  22  30  56  58  57  31  40  26  24   9  20  24   1  48  87 130  97  47   5  21  21  33  64  55   1  46  28  62  57  37  25  16  18  32  40  34  67  66  63  68  56  26  28  10   9  21  34  42  42  65
  28  23  21  29  32  14  24  16  21  50  48  25  12  27   7  18  13  24  12  11  12  33   6  65  95  23  10  13  12  26  30  28  41  32  39  11  26  23  34  32  17  35  30  26  37  19  16  78  49  88  37  10  18  17  22   7  13  12   9  21  13  21   3  10  19  20  12  23  37  30  42  37  46  38  33  16  22  22   0  33  67 125 120  76  20  18  18  22  62  71   7  38  20  60  66  41  37  18  20  29  41  40  77  63  60  66  64  44  49  33  32  43  63  70  66  65
  28  33  23  30  31  29  15  26  20   9   4  41  20  20   0  16  10  18  25   9  23  23  11  12  85  76   1  18  19  25  37  22  35  61  57  48  16  13  35  27  42  31  24  52  52  17  22  45  17  82  75  13  11  21  21  23  17  10   9  63  45  77  39   0  19  27  18  29  57  68  65  13  33  18  16  19   8  36   5  46 110 133  63  22   0  32  19  56  52   5  19  55  41  54  29  50  14  34  31  36  29  38  40  87  74  70  45  15  21  40  35  42  22  35  34  45
  29  21  30  21  22  38  19  16  25  36  34  25  30  14  19  22  20  21  39  32  19   7   1   3  60 103  27  24  31  45  24  21  14  40  28  46  54  51  45  43  41  45  33  74  51  28  32  63  36  86  66  37  39  48  47  46  38  30  43  57  53  46  56  29  32  62  58  37  52  65  66  47  65  20  13  24   0  42   8  38 112 117  72  16  20  48  39  65  20  13  38  65  59  52  45  45  16  52  52  19  46  19  30  96  72 112  37  16  26  35  33  31  30  16  15  29
  33  33  24  23  29  14  14  17  13  20  19  11  34  28  33  11  15  15  34  27  12  22  15  11  42 126  65  29  45  49  16   5  16  29  20  32  47  48  52  46  54  97  83  81  29  31  17  59  31  65 105  59  50  69  66  58  56  64 102  50  57  77  65  59  46  35  36  58  33  33  31  33  34  43  60  25  13  46  10  72 126  70  36  30  38  57  62  32  10  22  49  50  60   6  36  31  32  29  32  19  24  41  24  48  34  54  44  35  12  20  18  35  24  23  18  27
  35  26  31  19  27  13  14  29   5  18  18   8   9  27  30  22  27  15  14  27  30  15  10   8  65 106  41  27  39  40  29  30  21  30  29  18  18  30  25  25   6  76  50  84  63  72  13  46  15  81  82  58  82  84  78  77  78 105  95  73  82  77  83  54  49  56  62  66   4  22  33  16  16  25  31  82  29  42   8 100 104  62  16  38  61  44  58  34  10  39  72  38  56   9  57  29   5  19  17  16  27  21  20  35  27  42  39  53  45  33  39  28   9   8  24  26
  32  26  42  24  30  31  33  19  25   6   8  16  27  29  28  19  22  24  21  25  27  29  18  36  67  73  33  31  38  39  48  37  37  29  31  29  39  37  22  25  23  24   8  41  42  52  74 112  80 127 140  69  68  96  77 110 138 130 126 136 140 140 105  68  48  26  42  23  44  15  24  20  18  25  20  57  68  78  50 110 104  68  33  64  80  19  40  31  28  35  88  17  37  21  63  63  11  30  24  38  51  43  25  25  28  12  18  22  31  32  31  45  27  16  32  26
  32  28  44  19  25  26  25  18  21   6   8  15  24  26  29  20  23  27  21  27  25  15   4  19  62  87  36  27  34  35  40  29  29  23  25  27  37  37  25  28  26  45  29  64  54  60  64  85  53 101 119  54  62  96  77 111 143 141 115 100 104 102  88  53  47  33  49  31  42  18  30  22  20  27  22  59  55  59  31  99 101  66  27  56  79  26  47  32  24  27  82  23  43  21  66  51   0  14   8  26  39  37  29  38  41  31  35  36  44  38  37  46  22   7  34  26
  28  25  18  37  38  18  39  15  22  15  18  10  24  42  23  16  23   0  20  14  16  49  29  49  87  60  45  40  45  41  44  38  33  37  42  21  30  38  24  27  28  19  13  24  36  23  20 111  64 136 135  99  93  86  87  88  79  54 114 160 142 172  91  92  30  17  32  30  23  16  15  21  17  16  20  48  57  79  47 112 108  68  32  59  61  26  42  40  21  47  79   9  33  19  37  76  51  50  53  25  48  34   6   5  12   4   9  26   4  26  20  29  27  52  14  19
  28  42  20  27  26  29  32  35  15  22  23  22  25  19  33  19  22  14  28  19  33  49  29  79  49  41  41  47  47  55  41  37  38  42  48  26  40  36  24  24  37  45  40  29  40  47  46 100  69 109  98  58  63  36  48  31  13  19  79 145 121 138  83  77  75  48  64  40  29   9  13  10   1  50  59  51  36  83  46 114  95  59  48  56  46  23  40  15   0  49  71  26  58  20  21  26  57  62  53  77  83  51  44  10  24  15  11  18  27  20  19  24  29   8  21  21
  29  12  33  41  42  26  25  29  16  10  13  21   0  33  13  30  21  40  15  16  30  55  45  56  28  41  35  37  40  36  27  33  49  27  36  18  29  24  33  33  19  34  21  57  28  57  74 106  95  98  59  44  31  36  42  29  32  36  92 101  87 102  55  43  57  75  73  68  82  68  47  50  57  43  27  41  34  70  33 100 111  60  53  74  35  11  25   0   0  89 147   0  61  10  13   0   7  57  47  36  30  57  54  55  66  18  20  20  26  31  32  25  13  41  29  22
  30  17  31  28  28  31  20  25  25  16  22  11  12   6   0  42  26  35  17  41  63  52  60  34  27  34  71  49  60  32  41  44  47  38  41  38  36  28  50  48  31  48  40  21  58  93 106 108 115 102  58  18  44  32  36  34  29  16  87 111  96 102  62  31  20  65  51  74  87 108 113  47  69  40  20  19  24  89  52  84 109  54  54  67  41  26  20  30  86 227 226  32 113  29  22  34  37  22  25  16   7  18  11  56  45  68  27  23  26  20  23  16  23  17  19  21
  22  27  23  29  27  34  12  28  21  22  25  23  15  18  14  19   3  38  53  54  63  21  39  14  17  29  74  46  59  30  44  34  43  64  58  65  51  39  50  47  48  52  35  77  92 102  99  68  92  46  37  28  21  19  19  25  37  30  66  91  70 108  71  50  75  50  49  71  33  27  41  60  57  80  53  27  28  61  23  96 100  80  45  75  45  87  55 127 130 106 111  66 120  48  35  34  18  17  16  31  25  26  29  15  10  25  59  54   2  29  27  27  23  13  20  20
  22  28  29  32  30  38  14  32  23  22  25  18  11  13   9  22   6  28  34  46  67  31  49  20  20  35  79  41  54  27  44  34  33  44  38  47  35  26  37  34  29  22   5  46  67  94 106  91 115  77  56  38  31  25  25  31  42  32  82 104  83 109  65  36  63  54  53  82  59  63  72  72  69  75  33   6  29  69  31  98  99  76  46  76  39  63  31  92 135 162 164  69 123  40  33  34  19  10   9  17   9  11  12  10   5  24  42  29   0  20  18  20  19  10  19  20
  20  28   9  29  27  20  19  12  18  16  15  32  15  20  11  13   0  51  70  56  45  24  34  31  31  21  47  64  67  32  25  21  56  63  58  35  35  19  38  30  26  92  72  74 109 104  97  59  90  34  36  17  29  32  32  26  22  36  41  86  56  93  47  67  69  50  59  66  31   9  28  46  32  64  82  88   0  67  31  91 107  61  43  53  36  87  52 132  59  29  54  72  92  57  15  18   7  37  25  48  47  56  70  56  61  31  58  79  30  21  32  24  23  27  30  17
  26  26  29  24  25  22  32  22  23  18  22   8  16  20  23  50  31  62  71  25  31  43  47  29  38  23  45  67  60  52  47  25  27  90  63 104  82  59 105  93 108 117 114 129  99  76  63  38  61  29  36  45  16  31  29  25  19  34  50  93  49 123 164  78  51  35  51  42  21  36  11  21  13  15  62  74  78  36  21  74 128  95  44  72  48  72  44 130  50  42  65  42  56  52  18  30  59  93  86  84  68  63  71  59  56  76  71  95 104  23  47  29  24  14   0  18
  22  28  26  29  29  24  34  22  22  16  19  15  27  11  32  65  57  49  49  26  28  19  22  28  25  26  29  52  38  23  35  62 106 145 124 150 142 149 131 138 139 105 129  72  54  42  48  26  40  33  31  20  16  22  19  17  33  27  69 180 125 187 135  50  63  27  47  35  30  24  19  21  17  19  23  74  76  63  53  50 107 106  43  69  46  51  32 105  61  18  64  25  40  15  39  44  86  32  45  39  33   2  12  12   5  35  29  33  93 109 114  63  49  52   6  28
  19  21  13  23  21  20  14  15  32   3   7  11   0  38  71  50  62  24  21  29  50  23  30  23  24  32  15  50  11  58  83 124 157 170 172 155 136 121  92 110  87  67  84  63  28  47  27  21  30  19  25  27  16  41  36  32  44  56  40 157 103 200  86  51  55  28  47  20  37  28  32  29  26  39  36  22  41  83  57  73 111  98  55  67  42  48  40  67  75  41  18  48  52  27  48  70  36   9  23  13   9  19  12   8   9   2   3   0   9  74  49  82  65  68  76  46
  17  26  19  18  14  35  11  24  20  26  23  27  30  70  54  16  32  25   0  28  47  44  47  39  33  24  37 129  54 186 225 178 138  91 120  76  69  46  31  43  47  37  37  70  70  55  42  33  38  45  40  57  51  47  50  36  35  41  39  44  25  45  41  20  59  43  55  44  36  26  29  27  27  29  15  22   7  65  29  67 103 112  82  35  66  23  28  32  77  73  68  33  41  51  62  47  11   5  12  21  17  12  19   9  10  15  19  12   2  14   0  45  55  30  57  54
  17  28  18  16  12  36  12  22  22  24  21  17   9  61  63  30  46  34   4  30  48  32  35  27  23   8   2  58   0  98 156 154 160 133 162 127 120  92  78  90  87  70  70  86  63  43  27  20  25  31  29  46  39  45  48  35  35  50  52  93  74 110  82  41  75  45  57  36  30  24  26  27  27  36  23  33  23  85  49  72 106 105  67  34  60  27  32  54  87  58  55  29  37  41  54  55  24  15  22  27  19  14  25  11  12  15  22  16  16  43  18  72  67  37  71  54
  17  20  21  33  33  14   8  28  15   4   0  14  57  55  36  20  32  15  26  35  38  62  56  48  27  37  47 200 108 237 228 165  80  74 105  54  41  53  12  24  34  31  24  49  86  96  81  55  65  63  50  51  54  32  38  29  53  32  64  42  40  49  33  39  23  45  40  53  54  25  43  24  31  15  24  12  14  37   0  80  93 108  94  33  64  28  48   6  43  97  58  46  53  50  67  41  16   4  11  14  23  26   0  16  11  20  10  20   9  14   2  15  47  52   2  40
  16   5  27  19  16  23  35  11  23  28  10  54  80  48  15  26  30  33  10  14  18  48  35  36  41  45  78 224 145 253 188  87  65  30  55  53  43  33  37  47  17  37  34  18  43  35  51  47  55  34  42  40  37  30  30  45  41  44  39  40  38  38  39  28  29  36  28  50  34  41  18  28  29  25  21  38  46  48  25  54 127 122 110 103  63  36  63   4  53  87  63  43  49  50  93  29  13  16  21  25  17  15  10   6   1  26  10   7  20  20  15   8  31  62  46  37
  16  22  10  33  23  43  13  32  12  48  26  64  74   5  27  19  26   5  30   9  34  34  18  39  63  52 115 208 168 197 104  83  55  36  59  30  38  47  40  50  19  39  36  25  55  21  19  34  40  11  31  31  15  40  40  19   0  33   3  39  31  30  33  31  27  27  15  65  21  13  31  25  25  27  53  33  32  46  33  20  82 116  91  73  88  56  83  19  32  59  65  29  34  47  81  25  16  10  19   9   4  14  17  31  28  17  16  28  31  38  33  27  36  31  84  53
  18  28  17  21  13  34  30  29  30  56  38  80  30  38  23  20  22  25  17  33  20  62  35  89  35  58 148 158 161 127  49  62  60  30  49  31  25  53  41  47  36  36  31  52  46  40  43  18  26  28  22  12  19  14  10  39  21   6  27  30  24  33  15  14  22  40  28  56  43  45  37  38  39  37  26  37  11  20   9  10  64 122 108  70  53  79  88  70  46  70  57  47  49  60 103  40  23  16  25  16   9  10  18  29  25  24  37  26  44  36  28  38  32  45  78  86
  19  30  33  19  14  36  32  44  58  93  85  68  43  14  42  45  42  53  43  21  52  62  44  56  71 125 137  80 114  42  23  43  51  42  53  45  33  29  46  48  27  41  34  55  30  34  19  19  25  16  19  16  13  18  18   9  20   9  18  26  17  36  35  26  13  13   9  17  13  33   2  21  21   9  15  23  16  24  17   0  53 120  86  73  58  58  71  34  47  97  87  21  32  51  93  42  11  26  29  27  33  35  29  33  34  13  41  50  45  75  54  83 109 102 129 115
  19  28  27   9   4  27  19  29  39  73  65  60  40  11  32  25  22  33  27  13  44  56  38  58  56 109 156 128 162  98  59  68  69  46  57  37  29  23  42  44  21  37  30  57  41  44  27  25  31  20  25  20  20  25  25  17  27  11  22  32  23  38  33  24  17  20  16  33  27  45  10  29  29  14  25  35  24  28  21   6  61 126  92  73  60  66  79  46  56  91  75  21  32  61  97  39   7  18  21  13  18  23  21  26  27   5  30  24  11  27   6  35  59  56  93 115
  22  18  19  39  28  44  53  58  56  69  62  55   0   0   6  50  42  62  45  27  30  64  47  40  72 124 115  71 111  37  24  47  33  50  43  75  25  69  41  47  44  45  48  51  19  19  31  12  16  24   9  15   7   7   4  23   1  20  21  22  14  41  32  31  12  25  25  19  14  13  29  24  22  40   9   9   1  28  17   0  56 111  80  78  61  58  77  34  15  95 101  24  48  16  82  35  16  22  21  43  34  21  15  17  13   8  12  53  76 125 103 108 124 131 130 125
  27  25  49  59  53  47  59  22  72 122  92  94  62  56  73  71  95  26  58  47  48  44  26  59  98 116  85  44  80  16  46  10  25  36  29  38  74  57  70  72  62  28  41  42  19  33  11  32  30  30  22  24   0  19  17  20  20   4  26  25  25   0  29  26  32  19  24  20  18  34   3  15  13  16  15  20  16  20   9   6  40 117 128  87  57  44  68  13  19  65  86  51  68  14  96  75  26  50  55  27  35  50  23  65  48  49  63 102 110 124 111 139 118 130 123 109
  34  50  18  32  25  50   6  18  31 129  52 163 193 205 109  40  90  53  39  35  32  78  53  92  99  94  51  17  38  40  26  39  41  24  25  31  36  53  39  37  66  28  45  21  22  10  25  30  30  22  29  14  37  15  25   0  26  15   5  21  11  38  28  31  21  20  27   3  14  21  29  20  21  21  30   7  25  14   0   2  73 116  88  69  53  33  52  33  10  70  57  71  67  83  71  55  38  34  41  33  39  31  51  98  69 129 110 115 122 121 129  88 128  96  53  73
  29  17  27  39  38  15  23  17   3 148  40 194 255 255 121   3  75  26  26  41  74  86  74 101 101  47  43  34  50  17  53  37  33  22  27  12  24  29  34  32  29  17  27  12  43  25   5  14  14  14  18  22  13  10  16   4  10   1  13  16   9  30  15  23  15   4   8  10  13  16  21   3   3  19   5  28  10  22   0  30 141 131  88  75  46  30  47  18  21 105  65  33  32  63 124  73  50  34  43  24  41  57 122 108 101 108 119 114 121  74  91  94  64  72  25  37
  30  20  19  41  33  46  23  24   6 155  45 186 205 213 178  76 150  64  93 105 102  78  90  57  60  39  32  29  39  26  40   9  19  16  15  27  25  14  25  17  40  28  37  21  14  11  31  19  25   8  20  10  30  20  25  17  22   9  21  16  16  11  17   0  19  18  21  11   7  14   7  26  23  15  20  14  15  76  14 147 131  94  83  66  30  21  31  27  28 122  96  43  55  34 123 147  43  73  68  85 102 131 121 107 115  93  72  55  40  35  55  19   0   0   0  21
  30  14  15  43  35  46  19  18   0 149  39 198 253 255 162  24  98  12  45  71  88  86  98  83  89  59  48  43  53  36  56  20  27  20  19  31  33  24  37  29  44  35  44  20  20  11  25  16  22   0  10   0  20   9  14   7  16   1  14  13  13  13  17   3  23  21  24  11   5  14   7  22  19  13  18  14   0  30   0  94 123 107  98  83  44  22  32  21  12 110  78  35  47  32 117 115   7  37  32  37  57  93 111 117 125 125 120 109 100  85 105  74  42  42  25  21
  35  31  38  25  28  17  34  23  31 146  62 178 135 161 179 151 187 136 135 123 106  52  80  44  52  44  33  20  30  18  12  22  22  28  29  18  18  21  12   4  48   9  14  34  16  17  14   0   0  15  26  22  17  20  26  10   8  13  27  17  19  19  29   3  12   0   0   8  21  12  15  15  13  20   5   0   0 106  35 163 118  93  77  51  14  48  45  27  67 107 109  38  53  55  93 127  88  80  77 122 124 154 136  86 121  64  33  28   7  18  30   0  10   0   7  17
  42  44  23  35  37  28  13   7  73 139  84 161  97  75 135 130 144 136 122  66  64  38  61  40  27  10  25  11  17  19  16  19  27   6   7  21  12  15  39  35  28   8   9  28   0  10  33  45  37  42  26  54  40  22  30  27   2  18   0   0   1   8   0  11   0  15  11  10   7  15  17  12  12   0   0  13  59 166 123 168 106  80  38  23  29  34  27  42  30 116 106  47  65  27  90 156 148 103 123 116 143 109  77  14  51   7   2   9  12   6   9  24   0  25   0  16
  43  60  41  37  42  19  23  67  96 139 111 128  97 109  59  65  81  52  58  35  48  36  58   8  11  19  25  12  18   7   8  17  12  16  13  26   2  35  16  18  23  11   6   9  13  51  83 102  90 107 112  73  97  85  87 100  78  51  63  35  45  38  21  31   7   6   8   3   8  25   9  19   7  22  39 100 172 128 143 102  81  20  24  15  42  40  35  36  34  79 124  60  69  68  98 210 179  97 144 113  60  36   6   6  23   0  18   4  13  10  13  11   0  12  11  13
  38  47  65  57  55  51  30 101 104  97  86 113 106  84 109  42  66  54  34  42  14   0   9   2  19  20   1   5   4  18  15  13  22  20  19   7  26  31  19  25   0  37  10  42  74  99 121 120 118 126 102 103 110 106 103 117 111 103 119 103 109 100  96  61  71  85  89  55  59  66  66  80  59  93 156 157 143  90 127  62  22  19  37  37  53  47  42  38  15  79 133 104 104 125 121 159 200  65 140  45  27   3  11  14  19  24   9  12   4   8  12   0   8  12   5  13
  35  22  57  71  55  79  96 119  95  62  62  86  89  70  66  67  79  65  71  41  44  22  36  32   8  19  12  16  18   7  15   5   9   8   0  30  31  32  18  22   0  99  54  93  99  99  73  75  87  45  39  36  14  47  37  47  42  43  67  64  58  84  82  84 107  98  98 103 105 118 104 141 117 157 129  79  48  22  51  22  23  48  46  43  45  61  43  75  95 121 179 135 150 110  96 121 155  19 100   0  17  19  20  11  16  19   7   6  11   7   9   9   7   7   4  21
  35  21  55  53  37  41  56 114 122  96  96 112 112 107 114 103 115  89  82  39  28   0  14   0   0   0   0   0   0   0   7   2   5   6   0  25  36  37  10  14   0  56  11  77 113 140 131 142 154 111 102  93  74 111 101 116 107 105 128 124 118 135 123 111 135 121 121 117 115 120  90 127 103 183 181 146 110  72 101  50  29  42  29  14   6  14   0  12  14  83 168 125 140 132 131 182 222  43 124   6  27  25  24  12  17  19   5   6   9   8  10   4   1   0   0  21
  45  44  46  99  61 130 133  91  20  34  22  78  84  18   0   0   0  16  25  53  68  60  58  95  60  70  73  58  70  48  28  15  33  22  20  32   1   7  48  16  81 122 112  58  16   0   0   0   0   0   0   0   0   0   0   0   0   0   0   0   0   0   0   0   0   9   0   2   6  26  79  74  93   0   0   0  14  18  21  30  44  41  70  92 128 144 115 157 235 133 116 101 134  40  55  24  16  71  88  70  27  15  14  22  23  23  21  10  17   6   7  13  15  36  58  25
  45  40  48  87  49 100 122 110  51  57  45  98 109  55  34  40  40  57  59  77  82  60  58  90  47  55  50  28  40  14   0   0   7   0   0  21   0   0  18   0  38 104  94  77  64  45  41  23  29  34  17  34  26   7  13   5  16  13  31  17  13  29  36  52  39  69  59  58  53  52  86 108 127  55  59  27  46  36  39  33  29  16  33  47  81  97  68 113 197 129 147 130 163  70 106  95  89  91 108  47   9   9  15  21  22  21  14   6  13   1   2   4   0  13  47  25
  44  29  29  83  35 141 100  73  43  49  38  80  78  28  32  12  24   5  15   0   4  24  19  19  32  34  49  77  68  82  64  75  45  38  44  19   5   0  59  29  70  82  99  44   9   1   1  26  26  16  11  10   0  30  25  28   1   0   7   0   0   9  10   9   0   5   0   0   0  46 127  38  75   1  54  39  39  30  30  14  45  72  98 107 105 128 113 144 176 136  92  80  94 104  37  35  30  66  51 107  60  12   2  11  13  17  24   7  10   8   5   7  27  67  15  17
  41  39  28 107  64 132  84  32  41  92  78  94  55  34  39  27  40  13  19  15   6  12  12  10   0   4   2  24  10  46  44  70  71  80  73  69  72  88 104  96 110  16  63  17  10  22   5  26  28   8   0   7   8  16  14   6  33  14   0  15  10   6  22  19  19   5   0   9  30 143  83  41  67  53  11  36  36  74  57  84  84 105 102 112 127  82 105  59  26  47  92 102 105  70  35  10  36  57  40  68  78  67   2   2  13   5  23   8  13  32  23  44  52  26   7  13
  40  25  41 115  87 105  58  32  46  84  76  79  48  50  28   8  14  33  28  13   8  22  27   0  25  11   7   1   3   0   0   7  19  56  31  60  94 152 120 125 140   0  53  16  25   4  31   0   0  28  16   0  12   5   5   3   4  26  25  28  28  11  10  32  24  27  13  16  95 157  54   8  29  13  42  59 101 110 101 112 113 117 122 105  69   8  39   2   0   9   2  80  48 101  51  21  13  40  23  42  73  97  94  25  51  25  16  13  28  49  50  37   0  18  20  16
  38  26  74 109  99  96  24  28  55  56  60  56  17  26  21  23  26  30  10  16  22   2   8  11   0  16  11   0   0   6   0  14   9   0   0  14  70 135 166 160 171   0  67  13  27   8   0  20  20   9  17   0   5  10   8  12   0  21  19  21  15  31  30  28  30  49  27  34  91  84  72  78  79  91 113 112 118 114 119 126 118  92  50  14   8   4  18   0  13   0   0  54  16  70  95  44   9  38  22  55  64  63  90  76  87  77  37  22  64  22  39  17  24  20  16  16
  40  50  89  93 101  46  48  34  63  24  41  18  15  21  20  10  14  19  10   0  10   4   9   1   0   0   2   9   9   4   0   3   6  24   1  20  66  76  91  79 105  77 128  42  23  30  16  20  22  18  14  21   6   9   7  11  17  25  18  31  23  33  31  31  52  89  53  94 172 152 121 134 135 127 132 110  93  48  79  30   4   0   0   0   0   0   0   2  16  10   1  44  10  51  61 108  63  74  70  58 107  62  49  60  56  75  93 105  40  14  33  23  25   7  14  17
  40  36  75  99 107  66  48  30  67  38  55  34  23  27  26  16  20  30  20   0  14  10  15   3   0   5   2   5   5   6   0   5  10  18   0  13  66 104 141 129 143  41  92  16   9  18   8  12  14  12  10  15   2   4   2   7   5  17   8  19  11  17   5   2  17  43   7  34 119 112  89 102 103 107 132 124 131  98 129  94  68  48  33  13  18   8  11   5  16  10   4  58  24  61  70  80   9  22  18  20  78  38  33  56  52  67  61  65  22  11  30  19  23   5  14  17
  45  49 110  81 105  30  52  50  56  32  48  32  23  29  15  13  21   5   0  18  18   0   0  12   0   0  16   8  12   0   9  16   0  34   1  39  95  78  48  52  35 124 133  53  43  34  14  30  32  19  11   3   2  10   8   0  17  18  17  15   3  17  51  46  58 118  71 150 192 173 132 146 159 145 115 112  52  26  57   0   4   0   0   1  11   6   5   6  25   5   8  13   0  57  31  91 103 106 106 116 133 130 118  33  52  43 100 118  75   0  25  24  22  26  11  19
  46  77 111  67  93  47  51  73  37  31  46  21  21  21  17   8  16   5  12   5   6  14  16   3   1   6   6  14  11  17  17   3   5  46   5  67  89  81  27  39  20 161 146  84  18  18  13  23  23  10  27  26   5  22  13  22  24   7  38  84  60  87 104 119 123 146 119 156 187 149 128  82 117  69  44  17   0   0   0  12   0   8   9   0  11  13   8  20  18   8  16  82  52  62  22  70 219 162 193 112  62  79 121 119 131  50  71 108  74  53  82  20  11  20   6  21
  54  90 106  43  70  37  51  49  40  30  44  16  31   1  27   7  15  12   6   5   8   2   2   6  11   3  13   8   6  13  12   7   0  62  13  93  86  83  20  44   0 148 117  83  23   7  15  26  18  42  23  21  18  28  12  49  57  87  95 113 100 118 124 127 135 136 127 138 151  96  13   0  21   0   0   0   6   4  10   0   0   0  16   0  11   6   1  14  18   0  27 120  88  79   8 145 176 141 178  67   0   0  32  98  70 120 111  46  44 102 108  66  33  13  24  25
  66 117  81  63  79  65  65  17  51  21  30  42   6  48  13  18  26   1  15  11  16   0   0  28  20  11   5   9   7   7  21   0  22  80  32 108 128  63  15  37   0 113  78  69  36  33  23  43  35  34  47  83  66 114  98 104 113 129 125 130 136 123 102  99  74  44  45  44 102  73  19   0  12   0   1   9   0  14  13  12  22   5   0  14   0  24  18   9  23  31   6  45  13  62 107 142  93  68  64 147  60  25  31  35  11  71 164  35  22  72  63  80  31  22  29  27
  70  91  48  49  55  74  28  28  17  15  21  14  25  16  16   9  15   9  12   9  10  14  14   6   4  29  18  26  24  22  18  23  42  98  61  96  75  21  18  28   0 126  81  93  97 107 110 106  96 127 130 118 123 114 110 120 103  93  89  38  66  26  21   0   0   0   0  14  75  57  12  17  33  16  15  13  12   4   6  12   0   2  16   9  16   5   6   1  16   5  10  12   0   0  25 112 103 112  82 204 158  51  57  56  47  45 126 104  16  50  33 101  66  20  30  29
  70 103  66  61  67  76  34  32  25  19  25  22  25  22  18  11  17   5  10   5   6   6   6   2   4  25   8  16  14  10  12   8  20  76  39  93  89  35  18  28   0 110  65  63  51  47  52  54  44  81  86  86  96 110 106 133 132 141 145 102 130  86  75  42  49  40  30  45  99  75  24  21  37   9  15  11  14   6   8  15   0   0  14   3  13   9  10   1  20  11  12  30  15  27  65 152 117 104  74 193 143  45  59  59  50  59 140  84   4  62  45 100  44   6  26  29
  76  78  47  49  49  70  46  23  31  21  30   8  24  20  16  12  14  18  13  19  12  14  11  30   4  10  29  29  25  39  10   4  45  98  69  98  69   7   3   0   0 135  82 105 106 147 123 132 136 116 145 141 145 103 127  86  69  30  24   2  12  14  21  12   9  10   0  27  87  63  11   0   5  37   0  21   0  10  10   0  14  10   0  27   3   3   0  19  11   9  34  15  13   0  14  66 139 180 151 213 126  52  38  63  51  61 106 121  66  39  41  76  98  40  29  27
  73  66  35  55  47  83  48  26  24  26  30  30  12  13   0   8   8  11   3   0  24  14  16  17  10  18  28  12  10  19   4  22  71 106  90  82  55  39  72  62  36 185 136 163 137 145 142 100 118 127 104  78  64  15  41  13   0   0   0  12   5  22  24  23   6  28   7  32  96  58  11  25  31  23  23  17   2   4   1  19   4   5   9  34   0  14  13   4  19  12  13  22  16  24  21  19  14  55  42  31  27  11  38  25  20  13  79 110  71   6  21  53  90  57   2  29
  66  48  25  43  35  59  41  28  13  19  22  20  35  33  28  12  16   0   0   0  12   0   0   0  19   0   0   6   0   0   6  57 113 122 114  90 104 117 131 130  90 198 178 165  93 120 117  51  89  24  20   0   0   0   0   0   3   0   7   0   0   9  25   0   7  23   1  30  80  55  15   4   9  22  25  10   0  14  11  12  17  13  10  25  13  10   9  18   7  13   4  22  18  12   7  19   2   0   0  12   9  40  19  27  21   8  60 121 108  20  55  14  81  84  25  27
  57  35  38  27  23  32 103  71  14  26  32  32  15  19  18  48  31  38  54  99  98  50  70  22  18  12   7   0   0   0  88 104 109 150 136 158 130 156 146 158 131 145 162  96  47  14  37   0  24   1   0   8   9   0   0   0   9   7   5  16  16   0  18   1  11  25   3  35  72  52  13  17  18  32  30  11  20  20  19  28  11  14   5  10  14  16  14  22  18  17  14  29  28  16  15  24  19  26  24  16  27  17  25  34  27  21  47 128 107  30  72   0  91 107  16  27
  44  20  15  27  23  16  37  76  50  18  35  19  21  14  23  50  12  96 131  99 110 124 119 141 131 152 192 213 207 190 145 173 151 144 150 128 119  82  49  80  19  18  36  23   0   0  13   1  13   4   6   0   3   4   7   0  10   0   7   0   0  10   0  12  10  25   3  34  85  30  14  16  15  36  16  14  23  14  18   7  22  15   9  15  22  12  14   9  22  11  28  16  20   6  28  21  12  30  26  26  15  11  28  14  11  10   9 121 104   9  50  12  41 109  40  30
  44  34  25  35  31  28  57  76  34   6  23  17  21  16  22  36   0  72 119 107 116 106 101  97  72  75  92  83  77  80  81 131 133 154 160 152 159 140 121 152  93  86 104  75  20  29  41  18  30  16  11   3   7   6   9   0  11   0  10   0   0  10   0  12   9  23   1  29  83  34  14  10   9  33  14   8  19  10  14   5  15  11   7  12  22  13  15  12  22  11  26  18  22   6  28  25  13  34  30  30  15  13  32  18  15  18  23 129  96  11  52  13  53 109  30  30
  40  16  26  19  17  22  32  75  63  37  57  14   7   0   0  61  21  78  58  23  30  92  62 121 140 154 191 255 255 235 156 165 147 114 142 133  70  52   2  30   0  44  39  35   0   9  20  12  20   1  10   0  13   0   0   6  12   0   0  19  16   0  20   0  11  30   4  48  81  38  13  29  27  31  27  28  20  24  25  18  29  21   6  25   9  10  11   8  21  15  22  21  22  20  24  12  30  21  22  11  38  21  19  27  24   7  11 102 145   0  47   6  40 103  54  29
  32  29  13  31  29  24  23  34  63  56  62  47  18  28  36  80  52  99  53  49  60  52  45  30  23  89 125 149 131 155 153 156 130  62 119  26  24   0   0   3   0  53  36  48   4   0  11  15  17   8  21   4   0   6   6   5   3   0  13   7   5   1  20  15  18  26   0  57  81  31   0  42  37  35  24  19  19  20  18  25  40   6  13  10  22  13  15  16   9   9  29  17  19  13   4  21   8  15  12  18  33  21  14  29  23   5   8  89 134  55 102   0  41  90  34  29
  27  17  43  39  43  25   6  14  41  59  49  70  86  62  86 124 113 104  62  63  46  38  24  34  60 100 131 124 118 133 154 163 119   0  61   0  19   8   0   6   0  61  39  45   0   3   0  14  14   2   2   0   1   0   0   0   0  13   0  21  13   5  32  22   0  23   0  44  91  29  28  22  23  37  11  15  20  20  18  23  19  26   9  14  17  12  14  14   6  19   0  15   8  32   6  15  19  16  17  10  21  19  12  22   7  24  63 138 100  72  95  61  84  92  47  35
  24  22  12  22  22  20  13  24  20  21  18  14  36  42  44  68  68  33  33   7  16  68  25  90 152 158 148 162 171 173 114  50  29  14  45   0   9  13   0   5   0  38   7  66  27   0   0  26  24  16   0  16   5   0   0  11   0   3  11  20  14  24   0  15   0  44   6  75  72  30  29  26  29  31  33  22  18  20  16  36  21  19  13   2  37   7  10  25  13  15  19  11  11  11  24  23  26   3   7   0  27  29  32  53  36  36 109 129  66  43  52  55 107 140  80  54
  30  33  13  21  20  27  11   5  19  13  15   4   1   0  60  61  65  29  28  37  76 150 100 153 140 140 133  78 122  44   0   0   0   0   0   4   5   0   6   8   0  38  13  46   2   0   9  25  27   2   1   0   3   0   0   1   1  15  11   6   4   4  31   6  19  44   7  90  66  20  30  39  43  29  19  22  18  20  19  19  25  16  10   3  18  18  20  14   0  19  11  13  14  10   4   4  15  27  25  17  20  34  31  31  16  22 124  74  23  35  36  34  76  59  13  54
  30  31  13  25  24  28  11  13  27  23  25  16  17  10  62  69  73  31  20   7  30 104  54 123 132 158 170 142 186 126  72  36  22  12  21  15  11   4   6   8   0  38  13  46   4   0   0  25  27   0   1   0   5   0   0   0   0   9   7   2   0   2  23   0   8  28   0  76  62  15  18  35  39  29  21  23  18  20  19  24  25  16   8   0  18  16  18  16   0  15   9  12  13   8   7   5  19  27  25  14  23  38  33  36  21   9 124 100  49  53  54  38  90  93  37  54
  28  34  26  18  19  25  26   2  20  17  18  12  16   0  67  60  60  39  29  61 112 142 115 132 157 124 115  41  95  11   0  14   0   4  10   0  12   0   9   9   0  47  18  65   2   0  33  15  21  22   0   3   0   5   1   8   2  20  11  29  25  16  30  21  11  67  26 101  76  35  72  24  39  25  18  13  15  18  19  12  30  20  14  15  25  12  17  16   9  33  22  13  13  25   5  25  11   7   4  20  20  18  27  19   0  74 114  61  24  27  14  67  79  36  25  38
  19  17  10  19  17  25  14  19  10  11  11   4   0  23  67  49  45  26  70 115 120 126 116 139 132  86  45   0  30  12   9   9  15   6  10  10  12   2   0   0   0  35   2  57  23  13  32   8  16  19  17  13   8   2   2   5  15   1  16  13   9  20   7  21   4  77  37  99  48  38  34  34  39  44  27  32  28  20  23  22   6   6  24  18  36   6  17   0  21  13  11  16  13  21  23  20   3  18  17   6   3  12  16  61  18 104  88  50  22  34  13  73  98  27  38  33
  18  11  15  16  18   7  25  16   7  13   8  13  16  38  65  58  40  69 119 111 142 148 157 156 104  26   3   0  11   5   7   7  11  18  22   0   0  27   9  17   0  50  15  64  22  25  24   8  20   0   0  17   6  12  14   0   8  12  19  11   7  18  26   0  22  80  48  99  49  24  41  20  26  28  39  19  21  26  25  38  22  24  24  21   9  39  44   7   3  13   1  15  13   2  28   0   9  22  21  14  16   0   2  73  30 109  68  32  18  47  18 101  71  42  25  30
  13  23  25  16  21   3   2  28   4  19   9  30  24  35  75 107  83  98 122 143 158 106 150  81  28   6   0   4  12   5   0   0   0  16  16   0  19   4   6   6   0  59  30  51  37  28   0   0   4   2  16   0  12   9   7  18   9   1   5  21  13  29   0  19  62  75  62  84  27  43  31  29  33  30  29  26  32  24  29  14  23  19   5  26  18  20  23  20   7   7   6  15  14   9   2  38  43  17  20  29   8   0  40  96  77  58  56  56  35  66  39 114  72   8  30  30
  10  13   0   1   0   8  25  22  26  16  11  18  25  81 146 146 130 130 143 125 118  16  77  13   0   0  12   5  13   0   6  15   4   2   0  18   0   8  14   9   0  68  47  39   6  18  15   8  16   2   2   7  18  24  23  14  12  33  20  25  21  21  25  40  74  82  85  49  22  26  26  24  27  25  24  24  23  18  21  20  24  12  23  26  22  18  21  22   4  33  14  12  14   6  23  15  17  37  34  32   6  22  75  70  70  43   5  67  54  91  72 103  41  35  30  33
  10  20   7   5   3  10  21  20  18   6   1  10   5  41  98 110  94 104 131 141 162  78 139  67  21   7  18  11  19   0   6  11   4   4   1  18   1   4   6   1   0  68  47  51  16  24  13   3  11   0   1   2  16  19  18   8   2  19   9  17  13  15  15  24  58  74  77  62  32  34  30  26  29  27  28  30  27  18  21  17  23   6  18  26  18  17  20  17   0  29   8  11  13   2  21  17  23  38  35  30   0   0  59  78  78  61  23  69  36  73  54 111  51  31  28  33
   6  16  12  13  13   0  28  28  24  32  22   4  18  99 163 139 137 136 166 127  92   2  56   2   5   7  15   0   0  19   0  21   0  12  12   0   0   1   8   0  55  40  47  23  18  15  13  20  26   0   8  10   6  22  16  20  29  42  28  30  27  33  13  43  80  86 102  47  16  26  29  29  31  31  25   8  24  28  26  31  18  37  20  13  31  14  16  26  28   5  21   9  10  22   8  27  10  19  14  23  25  43  80  56  71  27   7  40  79  90  89  70  42  38  33  33
   6   0   0  17  11  14   0   0   8  35   2  44  94 108 177 124 138 143 123  89  22   0  15  10  13   2   0   7   7   0   2   0   0   0   0   0  11  29  45  31  87   0  26   5   6   7  23   0   0  30   8  24  12   9   4  28  15   6  24  28  26  16  27  36 110  40  72  21  24  27  29  22  25  25  12  21   1  32  28  19  15  32  23  25  17  44  45  22  19  21  27  13  17   8  23  12  32   8   8   0  19  78  60  27  43  23  34  47  86  97 102  77  23  44  20  35
   5   2  13   4   1   9   9  17   6  64  14  80 123 155 169 141 175 116  83   9   4  10  24   5  12  12   1   0   0   1   3   0  30  46  35  53  74  90  70  80  76   0   2  11  24  16   9   4   4   8   8  31   9  14  14   1  27  13  33  25  25   8  13  70 115  61  98  26  32  22  25  25  27  17  43  22  20  18  19  11  33  33  23  20  42  26  31  28  17  23   8  27  26  22  25  28  14  31  20  19  64  97  66  20  35  25  27  72  80  54  63  67  42  39  34  35
   8  13  10  15  11   9  17  15  15 107  50 113 131 137 181 124 176  86   0  16   4   2  11   2   9   0   0  21   5  19  40  58  87  86  86  80  68  62  22  40  14   7  15  15  14   9  19   6   4  24   1  22  22  33  32  22  12  23  35  26  20  18  55 101  97  47  82  31  25  29  31  24  23  39  18  31  33  24  25  33  13  33  28  23  33  35  42   1  29  31  29  18  22  20  12  18  10  26   5  34 101  71  26  33  33  27  40 111  88  34  49  47  81  78  27  40
   5   0  14   5   0  19  23  31  99 155 109 140 138 128  98  61 109  41  25  15  18   0   8  13   0  12  38  66  44  78  67  26  19   4  15   0   5   0   0   0   0  16  15  11  11  16   9  31  27  16  33  12  31  27  25  27  43  28  36  48  30  64  85 104  66  21  51  26  35  23  26  25  23  33  29  33  18  24  23  30  15  16  25  31  21  25  22  41  22  35  27  17  22  18  21  25  27  71  42  87  72  27  15  37  20  59 100  80  36  12  23  23  52  71  54  43
   5   0  15   5   0  15  13   1  45 109  63 114 127 147 154 127 175  77  25   7   6   0   0   9   0   0   4  38  16  65  69  44  53  40  51  26  39   9  12  14  11  16  15  11   6   8   0  17  13   8  23   6  25  24  22  20  32  16  24  26   8  34  63 106  88  39  69  29  33  22  22  21  19  33  25  30  16  18  17  30  12  14  25  31  25  27  24  33  14  29  21  11  16  12  15  13   1  43  14  73  93  47  21  29  12  30  72  92  56  22  33  29  60  83  50  43
  10   4   4  12   3  11   4  41 123 161 132 134 161 125  76  22  54  54  68  52  30  10  27   0   0  28  65  65  70  48  34   7   0   0   0   0   0  22   0   3   5  10   7   2  22  24  35  34  34  24  23  28  31  26  24  29  32  40  40  64  40  74 108  92  36  25  41  36  33  18  40  30  33  26  31  28  22  38  41  13  21  37  24  23  15  31  26  27  47  35  33  25  29  26   5  16  62  80  71  89  20  30  24  53  18  87 135  57  38  35  36  51  61  26  47  49
  11  23   0  13   3   0  30  87 136 130 114 146 169 104  25   0  11   2  45  49  78  54  66  25   8  62  83  36  68   0   0   0   3  14  13   4  14   8  10  10   3  31  23  26  41  25  23  32  28  34  30  28  26  33  31  19  43  37  30  90  61 121  65  65  48  20  32  36  36  53  27  29  32  19  26  47  38  16  18  40  26  29  18  28  34  22  19  40  17  43  31  27  28  16  32  69  86  69  88  16  25  13  10  54   4 135  78  16  17  36  33  35  62  26  35  43
  14  11   5  11   0   0  43 111 165 161 164 147 117  43   0   0  18   0   0   3  32  54  37  74  74  68  71   0  26   4  13  17  11  12   7  29  12  33  35  35  28  34  31  33   0  40  13  30  24  34  21  25  27  27  22  33  19  24  76  92  88  78  50  51  50  31  39  35  55  37  41  40  38  48  45  35  39  52  55  25  43  40  25  38  27  44  41  37  29  19  33  33  25  28  88  82  58  30  45  37  10  14   8 109  61 133  40  39  46  46  48  42  34  60  26  41
  14  20  10  23   1  12  54 137 158 133 149 146  71  11   1   3  15   0  15   0   0   2   0  41  76  82  44   0  24   9  13   0  21   8   5  23  16  25  12  16   0  36  31  14  44   7  15  24  20  22  26  13  47  50  44  22  51  89 104  56  77  31  32  46  37  36  37  54  19  38  27  41  36  41  38  34  42  40  39  48  43  44  31  24  24  20  17  43  35   7  54  77  58 117  82  51  38  15  20  42  32   3  70 228 198 103  57  48  49  64  65  54  36  39  49  46
  20  30  41  93  53 100 139 156 177 141 170 143  35   0  18   8  16  17   0   6  26  10   1   5  48  76  34   6  25  22  17  15  14  16  14  17  12  22  17  19  15  16  15  11  20  15  41  31  31  28  33  36  26  62  38  79  97  76  47  25  41  29  35  58  28  35  36  39  29  18  32  34  29  38  36  46  47  38  39  40  44  52  52  81  76  79  86  56  40  61  86  98 100  62  33  17  17  34  31  41  10   0 111 255 237 177  42  54  54  71  67  81  52  45  57  49
  20   8   3  41   1  42  91 126 159 127 156 149  53   0  18   8  16  13   0   4  22   8   0  19  58  76  34   4  23  20  14   7  12  12  10  20  12  24  15  17  13  21  20  13  21   9  29  26  26  24  25  26  18  42  18  53  85  82  72  45  61  35  39  66  26  36  37  44  29  18  35  40  35  39  38  42  41  36  37  40  44  50  37  36   6  18  25  27  10  19  59  92  94  78  52  33  25  30  27  43   6   0 117 255 241 146  24  48  54  58  54  33   6  29  50  49
  27  35  64 125  83 133 145 178 182 161 201 128  32   0  21   3  11  10  15   3  26  24  20   3  50  86  46   8  32  11  16  32  17  20  22   4  21  17  28  28  13  20  19  10  29  16  52  24  28  17  34  20  26  87  63  93  75  67  21  31  33  51  46  22  65  27  35  30  28  43  20  22  15  45  21  49  56  38  43  38  35  29  37 104 162  94 132  31  61 112 117  58  82  42  32  16  24  45  44  24  44   9  45 232 165 236  75  34  14  60  13 110  84  10  36  56
  36  55  91 111  92  98 138 161 170 137 170 132  41   0  12  14  20  11  19  13  18   6   3   0  36  95  51   1  27  17  11  20  14  12   9  24  10  19   7   3  34   9   6  19   0  22   0   7   1  32  24  55  68  81  80  65  43  50  48  32  38  48  28  42  28  55  54  37  33  29  28  28  25  27  51   8  62  40  45  44  40  42  15 101 223 165 202 109  94 110  46  56  64  69  43  39  36  32  33  35  35  29   5  70  11 142 149  70   0 149  42 255 242  92  24  53
  77  95 110  59  73  39  76 167 160 166 180 156  98   4  23  15  23  22  26  21  28  26  22  17  50  93  53   4  32  17  20   1   0  18  11  19  32   7  30  28   0  25   5   8  60  78  65  56  64  30  68  99 100  68  84  58  48  41  57  46  59  21  27  45  31  29  23  58  50  61  57  57  55  47  43  52  48  36  43  33  43  37  49  81 174 160 185 112 102  55  30  28  33  36  66  66  42  41  42  53  33  36  23  31   4  43 112 116  41 192  69 255 255 146  67  54
 112 149  81  23  51   9  44 117 164 169 162 188 134  36   0  12  22  27  18  11  18  26  23   3  55  96  72   0  31  17  24   0   9  16  12  22   2  23  17  10  14  63  13  99 138 132 156 112 122 108 107  72  53  35  50  34  26  47  44  17  27  20  33  36  36  35  37  18  47   4  45  52  41  60  95  86  68  60  70  44  48  37  51  86 129 149 168 117  47  25  52  28  36  31  42  38  62  39  44  40  44  47  31  39  31  22  44 101  80 212 103 255 255 157  36  53
 102 126  62  13  35  21  22  89 164 172 152 170 174 100   7  17  45   7   9  30  26  28  28  14  34  87  81  14  50  14  10  28  23  14  17   6  27   2  18   8   0 129  60 138 130 158 137 166 148 202 124  27  32  48  56  49  37  49  28  17  19  39  23  19  38  35  35  41   6  24  14  32  24  28  40  71  66  50  55  55  46  29  64 101 147 126 159  94  27  37  40  28  33  42  33  14  47  55  56  35  30  41  32  39  38  19  25  36 125 202 119 255 189 113  29  48
  60  21  55  67  73  36  14  41 121 175 134 168 165 151 108   0  28  19  10  37  34  22  28   9  27  85  81  11  46  18  19   0  15   4   5  12   0  21  33  21   0 144  89 107  47  25  57 160 122 168 146  93  18  35  49  38  41  35  39  43  43  42  25  31  46  33  33  40  49  47  38  26  27  29  22  49  49  44  41  56  40  29  71 156 149  75 124  47  53  37  37  24  32  12  41  12  23  57  50  41  34  34  30  39  37  33  28   1 102 201 136 193 185  85  47  45
  32   1   8  47  31  62  34  16  43 137  77 144 169 183 170 103 169  63  54  43  34  20  30   5  16  75  84  24  58  23   7  24   9  22  20  19  20  11  22   2  14 126  93  60   7  42  57  61  43  48 105 131 103  32  68  34  37  24  28  36  32  40  49  14  46  33  33  38  41  36  28  37  40  19  34  23  36  54  45  54  45  37 110 162 145  93 142  69  40  35  25  37  36  49  17  45  17  52  42  47  33  35  37  35  34  35  24  34 112 172 119 185 120  93  58  45
  32  29  32  69  53  59  28  30  91 183 123 166 167 154 116  23  89   0   0  13  26  18  28   2  21  83  82  14  48  18   0  16   3  14  12  11  12   7  18   0   0 130  97  88  32  54  75 117  99 114 137 120  66  11  47  31  36  24  28  36  32  44  47  12  50  33  33  45  47  38  28  37  40  15  30  27  40  50  41  54  37  21  86 146 147  95 144  67  46  35  23  33  32  41  17  45  17  49  39  47  33  33  34  34  33  29  16  10 106 190 137 213 150 101  60  45
  20  21  29  27   6  77  58  51  17 119  52 154 174 190 173 130 172 119  91  61  14  14  25  23  15  57  85  29  61  15  38  18  23  26  25  30  21  19  27   0  44 108 101  40  16  58  83  31  41  10  92 134 129  47  95  17  41  34  37  38  42  18  38  40  26  34  37   9  22  37  33  24  21  42  46  43  37  68  61  41  59  55 119 177 127  91 136  83  27  43  44  35  37  48  35  14  24  72  65  38  32  37  34  36  31  42  20  77 126 163 132 171 125  98  46  49
  17   0  26  21   9  23  84  56  37  70  26  98 160 173 167 147 165 140 127 107  18   0  16  13  13  68  75  48  78  17  19  33  28   8  11  13  18  17  50  12  85  74  87  28  24  57  86  16  34  32  24  84 133  81 117  50  24  50  35  33  35  47  15  35  32  51  47  44  28  36  41  37  33  42  29  20  42  30  24  63  29  54 127 184 129  80 129  64  43  40  38  38  42  35  36  13  40  46  43  36  21  47  53  40  35  34  37 128 133 118 105 144 126 119  39  46
  20  23  13   7   3   2  32  55  65  56  42  36 104 134 161 166 154 188 140 118  94  18  65  10   2  44 101  47  79  11  12   6  21  32  30  24  25   5  67  22 101  69  93  16  26  92  87  37  59  30  12  40 121 116 130  75  24  17  44  28  34  30  12  47  15  30  21  38  57  27  38  36  26  52  81  65  81  72  82  40  50  50 154 184 108  71 119  63  27  43  36  27  31  39   6  54  31  40  35  49  56  42  41  31  14  43 121 123 108  88  85  87 147  93  51  45
  17  17  17  25  23  14  18  26  67  49  47  16  58  93 147 217 177 216 161 161 156 100 150  49  22   0  47  84  98  37  10  12   0   8   3  11  36  10  64  16 122  34  61  25  68 109  41  40  50  50  39  10  69 128 106 131  56  32  23  31  35  33  41  38  26  45  35  49  57  49  36  48  37  60  77  88 100  72  85  61  28  40 132 208 115  66 119  61  44  33  46  52  57  32  41  27  52  43  46  31  59  43  28  79  46  90 131 116  81  44  33  95 125 108  55  53
  16  15  17   8   7  16   9  12  21  53  42  39  21   7  30 148  84 158 149 135 158 162 177 187 142  95  76  99 107  96  43  29  25  36  33  35  20  10  90  39 133  37  64  41  84  89  31  21  29  34  47  35  27 117  74 142 104  42  48  35  47  27  25  30  16  34  26  34  17  46  45  42  39  39  34  42  49  36  39  50  40  27 117 227 166  48 114  57  48  52  37  35  35  52  28  60  43  48  54  32   9  46  73 136 102 131  99  59  16  53  25  95 106 108  97  73
  16  19  21  14  13  22  17  24  39  55  44  43  49  55  96 226 162 218 172 141 144 128 143 123  65  19  26  57  65  48   5   9   9  26  23  27  15   0  62  11 117  37  64  37  80  93  37  29  37  42  55  43  49 137  94 126  68  20  34  32  44  25  25  33  16  36  28  41  23  48  42  36  33  37  40  58  63  48  51  54  36  32 124 213 146  53 119  56  44  44  35  32  32  36  16  50  40  46  52  28   9  30  31  94  60 115 115  95  48  57  29 103 116 108  84  73
  17   5  11   9   9   6  17  19  12  67  51  46  32  35  49  79  33 115 161 150 164 148 148 162 159 153 107 120 136  91  42   2  21  14  17  18  15  13 106  58 147  31  70  37  70  88  41  28  40  34  23  19  33  97  37 163 122  33  46  17  33  30  36  23  23  35  32  27  38  36  39  53  43  57  53  22  60  44  47  44  52  20  90 241 182  34 106  65  40  53  29  40  31  79  59  57  51  48  50  46  22  29 110 138 131 113  95  36   7  80  45  79 103 113  84  85
  14  17  12   7   7  12   4   0  31  63  48  62  28  28  17  28   8  11  90 119 164 176 161 150 172 176 143 157 155 187 122  35   0  16  22  20  11  47 133 105 143  11  58  25  83  95  30  20  32  28  23  48  11  99  35 128 181 100  13  25  43  44  20  28  49  32  36  16  44  41  31  56  41  63  76  71  61  40  43  47  47  30 113 241 168  24  94  61  64  56  56  72  74  49  25  27  34  31  27  31  38 113 146 125 147 119  46  15  28  86  47 111  99  89  58  62
  13   8  12  22  22   8  12  29  23  80  70  66  20  23   1  39  29   4  28  33  56 152 104 170 162 177 179 182 168 200 220 168  59   0  27   3  29 147 128 140 139   0  37  35  74 110  29   6  16  39  37  20  41  79  21 120 209 187  75   0  37  25   9  37  20  34  30  40  32  41  79  87  77  79  91  99  86  82  77 108  73  49 130 239 196  48 117  52  72  52  66  66  66  75  70  47  28  40  34  18  76 185 154  84 143  30  43  24  53 106  73 116 102  88  21  49
  18  12  17  14  14  12  11  16  76  40  54  14  32  18  30  22  16  25  28  21   0  36   0  55  94 132 173 205 178 176 241 243 223 124 166 100 149 172 104 155  95  17  54  37  76  94  61  34  46  54  44  51  10  60  15  78 168 233 205 120 170  81  65  31  29  35  33  60  68  60  47  76  67  62  63  74  56  80  73  73  65  81 209 178 141  93 128 107  51  63  62  59  63  52  84  88  75  47  44  29 126 208 178   5  82  14  19  27  80 112  91 113 121  64  29  54
  32  19  13  21  19  20  12  55  66  13  31  22  15  25   8  40  27  40  44  40   8  16   4   2   8  13  61 112  64 127 143 224 255 255 255 255 255 213  72 152  82  35  64  50  84 110  59  47  59  54  57  46  40  42  26  13  63 105 116 136 141 161 131 121 108  63  86  49  56  44  58  54  48  57  76  64  52  60  55  54  53 121 181 130  43 107 104 129 112  77  69  49  56  64  45  43  75  95  82  69 117 181 205 105 174  84  64  92 125 147 142 126  58  36  24  53
  32   0   4  13  11  14   0  43  79  27  45  28  22  29   8  38  25  34  43  38  12  36  24  45  69  91 147 188 140 188 187 220 226 191 196 210 187 176  52 132  68  12  41  32  72  94  45  35  47  48  49  35  29  48  32  50 136 187 180 158 163 151 101  77  63  23  46  25  48  37  52  50  44  49  68  57  50  60  55  44  34  93 199 182  95 137 134 141  94  55  53  43  50  64  49  57  85  93  80  59 119 181 186  43 112   9   0   8  55 101  96 118  78  52  28  53
  40  51   0   3   6   0  26  55  21  25  32  25  17  15  32  28  16  47  36  50  26  32  34  15  14   1  11  85  33  69 110 196 255 255 255 255 246 177  91 165  84  59  92  66  80 124  69  36  56  48  59  75  58  40  43  30  18  45  37 108  84 120 137 136 118  91 110  74  29  49  32  56  45  62  60  73  33  54  39  68  66 179 178  85  47  63  58  74 131 113  83  44  64  44  76  28  29  57  34  73 116 203 195 182 203 145 130 161 183 145 186  90  33  26  34  49
  30  66  74  49  44  58  59  50   7  14  16  36  20   0  17  51  36  52  30  68  26  28  32  26  21  19   0  42   0  35 124 233 255 255 255 255 243 221 170 228 157  18  77  53  98 134  95  54  82  49  21  50  41  50  52  42  27  40  16  25  16  22  48 101 106 128 118 130 110  58 131 129 125 117 135 123 122 106  91 142 196 181  79  35  52  44  44  43  53 123 130  89 114  46  47  53  46  38  34  17  27 121 169 190 161 239 217 255 227 177 224 166  53  18  31  49
  16  39  80 173 140 169 128  69   0  18  26  13  27  31  23  56  48  29  35  44  40  34  38  25  17  10  39 101  51 133 139 132 213 255 249 255 199 190 203 221 236  30 107  11  65  97  76  58  80  52  58  44  35  32  34  41  41  51  31  26  28  19  20  25  66 114  79 137 128 105 111 116 115 129 123 166 124 122 111 135 171  82  33  33  35  51  48  65  30  48 103 122 116 122  66  32  53  55  48  59  13  68 124 161 125 187 220 217 233 195 228 169 163  86  17  53
  13   6   0  24   0  43 101  85  49   0  22   8  25  17  33  35  29  36  56  31  10  20  14  16  15  63 109 134 112 156 108  33  21 199 114 241 149 138 154 144 185 200 216 169  91  70  41  50  68  56  68  51  60  48  56  32  36  43  41  27  31  29  31   7  21  73  33  92 125 117  85  39  59  43  45  69  94  88  72 106 118  68  31  56  70  48  61  20  52  15  34  93  66 112 118  82  52 115  98 129 128 106 128 114 103  93 102 118  77 100 100 125 193 136 119  61
  16  18  16   0   0   0   0  72  98  40  73  22  23  23  32  18  16  21  35  66  40  74  54  83 102 143 128 111 130  60  36   0   0 100  14 153  91  44 106  82  91 203 161 220 255 233 111  59  97  74  51  52  53  57  57  66  57  36  50  45  45  57  43  29  34  33   6  42 116 124  66  18  45  25  34  32  45  74  41 132  65  77  79  34  64  46  57  36  56  53  56  40  30  35  88 136 123 108 119  80  69  66  31  64  40  86 103 112  82   7  22  30  87 143 156  81
  16  18  18  15   9  27  25  84  72  10  43   8  15  19  34  14  12  10  15  28   0  20   0  23  47 111 124 139 158 112  89  39  19 164  78 213 155 112 162 138 137 219 177 193 182 143  31   7  45  38  35  38  49  49  49  52  43  33  46  39  39  49  37  24  41  46  19  54 121 130  84  38  65  41  54  52  65  84  51 143  86  91  73  22  58  46  57  30  58  49  61  62  52  67 104 116  98 104 115 104  98  98  77  92  68  94 113 138 114  55  70  83 131 141 120  81
  19  14  33  22  22  23   0  56 124  39  75   8  31  23   0  15   0   7  40  89 104 124 108 150 148 136 131  54  88  41  21  17  11 134  59 179  58  37 110  78 115 168 111 184 255 255 185  73 135  80  26  43  22  52  50  64  76  32  42  33  33  49  44  37  20  62  27  69 122 116  55  23  41  51  29  62  58  88  63 104  83  39  65  96  76  38  51  58  40  56  57  50  50  30  62 148 115  82 114  41  49  55  17  99  50 135 152 126  99  38  59  26  54 114 167 107
  20  30  11  11  13   2   3  25  85  83  96  20  25   0  21  82  36 112 145 131 140 130 141 114 114  72  19  17  25  41  50  39  29  94  29 169 107   0  52  39  28 181 108 149 166 247 247 172 220 147 133 111  41  15  37  24  44  51  39  58  62  38  46  52  17  50   8 100 127 115  45  32  45  50  58  49  77  94  71 131  63  70  67  55  71  53  68  42  34  50  60  50  54  26  47  95 122  69 107  16  49  57  38 106  55 144 118  59  44  55  54  23  67 156 192 134
  24  20  23  26  27  16  19  25  42 155 119 116   0   0  95 203 155 184 140 101  68  32  58  23   5   0  10  28  30  16  19   7  25 118  63 133 124  63  10  32   0 146  69 120 193 194 210 255 255 212 193 166 155  96 140  70  20  48  74  55  67  39  45  49  48  74  36 104 135  90  41  41  54  34  42  54  54 108  93  80 115  60  52  75  88  52  67  44  32  49  18  49  46  40  25  60 147  85 110  74  40  49  49 122  67 179 109  36  20  84  49 112 148 188 167 121
  28   6  25  12  11  26  23   8   0 235 136 255 118  60 178 255 230 243  93  43  34  14  33  25   0  18   0  14  17   0   0   7  29 112  76  84 128  80  10  50   0  51   0  91 155 147 152 230 202 230 216 174 198 189 219 165  98  56  22  52  60  45  42  54  38  85  44 131 119  76  45  46  55  52  22  37  79  92  93  51  54  81  53  45  63  80  79  62  63  59  57  40  44  58  27  35 119 116 117 114  27  27  33 135  81 175  84  31  32  85  49 110 106  73 138 115
  33  36  32  39  39  29  44   8   0 141  31 234 135  47  94 172 127 193 164  93  92  88 100  98  91  81  77  64  68  72  67  70 127 120 113  79 119 133  28  80  13  60  17  45 161 154 125 165 129 198 205 205 169 198 204 212 205 155  95  61  85  58  82  77  79 150 118 137 114  55  40  54  59  53  43  31 116 106 115  65  63  99  15  47  34  68  50  92  61  73  95  57  72  52  47  56  52 128 103 138  78  53  67 156 116 157  65  16  59 131 100 135   1  34 124 118
  33  24  26  35  35  25  44  11  11 221 111 255 180  79 158 248 203 241 164  69  72  68  80  78  59  49  45  28  32  24   0   0  67  88  81  63 107 117  16  68   5  63  20  53 169 170 149 217 181 234 214 200 169 195 201 177 146  87  39  29  53  42  62  49  35 105  73 121 126  71  44  58  63  53  39  31 104 102 111  65  63 103  23  55  42  80  62  96  56  77  95  41  56  40  31  54  76 136 111 127  54  41  51 143 103 161  77  24  55 119  88 135  29  66 132 118
  40  27  24  10  11  33  20  27   0  17   0  61  33  37  30 124  70 155 152 149  76  52  71  47  71  76  42  76  63  69 130 163 169 168 176 136 164 136  34  82  26  56  10  80 165 150 174 146 130 183 229 197 170 163 158 204 200 188 118  63 111  37  69  80 117 160 147 162  84  32  45  32  37  47  38  17 113 100 113  61  72  77  30  33  59  50  45  51  88  34  47 102  94  76  75  49  33 116  82 123  82  21  64 147 113 166  64   7  40 122  90 126  26   0 127 134
  51  35  30  31  38  23  17  20  11   7   0  10   0   0   0   7   0  47 107 108 126  94 108  73  68  50  77  94  78 112 138 144 137 102 119  94 132  58  54  76  31  89  30 121 183 143 127  90  94  91 168 220 170 174 164 194 153 171 180  91 151  37  20  98 149 141 155 124  54  63  71  45  53  49  49  36 136  62  83  48  83  59  67  56  54  48  49  44  64  47  14  46  31  58  89 107  63  85  52 126 111  57  58 141 122 127  37  44  65  96  69 117  70  62 105 157
  64  58  48  42  42  37  35  32  30  30  30  26  27  25  26  28  28  32  45  62  76  88  88  93  94  92  94  96  96  94  90  81  70  56  56  54  52  51  40  40  38  83  83 116 131 110  82  70  70  70  86 110 117 118 118 142 147 153 154 144 144 122 110 122 125 115 115  91  72  59  54  56  56  53  52  69  86  86  86  73  62  54  54  52  49  50  50  46  51  50  44  48  48  48  57  67  72  93  93 115 118 104 107 126 126 113  69  60  58  60  60  83 100 120 140 150
